22
1 2
2 3
1 4
4 5
1 6
6 7
1 8
8 9
1 10
10 11
11 12
11 22
10 13
13 14
14 15
13 16
16 17
17 18
16 19
19 20
20 21

9


J = 1/12 = 0.083
M = 1/24 = 0.042
S = 21/24 = 0.875


17
1 2
2 3
3 4
4 6
5 4
9 4
5 7
11 9
12 9
7 8
7 10
13 11
14 12

6 15
16 15
16 17

4

J = 1, M = 0, S = 0



16
1 2
2 3
3 4
4 6
5 4
9 4
5 7
11 9
12 9
7 8
7 10
13 11
14 12

6 15
16 15

4

J = 2/3 = 0.667, M = 0, S = 1/3 = 0.333


14
1 2
2 3
3 4
4 6
5 4
9 4
5 7
11 9
12 9
7 8
7 10
13 11
14 12

4

J = 1, M = 0, S = 0



21
1 2
1 9
3 4
3 9
5 6
5 9
7 8
7 9
9 10
10 11
11 12
10 13
13 14
14 15
13 16
16 17
17 18
16 19
19 20
20 21

9


J = 0.5   M = 0.125   S = 0.625















