68.0634

62.5462

56.0956

63.5007

62.8697

55.9298

67.5919

61.5756

67.1128

62.9254

56.8345

65.0371

63.6697

60.5768

62.8246

66.1954

61.0625

65.5967

60.4692

67.9653

62.6366

59.4432

62.8481

49.8056

57.6657

52.2606

54.1643

58.6191

65.6041

57.7271

62.0411

63.3605

58.0026

58.1296

60.2146

60.5682

53.2802

59.4454

66.467

48.8788

59.0422

42.0544

70.6544

69.525

67.3243

62.31

63.2218

70.8

55.0043

62.2727
