20
17391112730600738235375847190311953998284427071240689318790248560639290994180441526389681587850560508775338839255973483539438888599586137720601404220449172315782775437164129529095910156640832246350847829916907120926756297496759961833912170795834204266683404688347990145477191410707042904112114394959200316426929671698647325354413269439950351215558119511021094591284579814231680825632 6 6

105596083314181182038611427829212316716645723615735119627948699438246348421666713746049287729109800587164887502001829915184142158385001736473029707363582079747 4 4

149251099933543225583388138212597872006969423589369102369979234704407026057180067797117343309923373783710176277 8 9

96244647948813212577505136908573710492553290527397528695773365849220548293944627229729067007965142446002561438474952635688929176898947364093420181029896049868831057328181261941001050417177182882364287127170628725401989576505024841002208752827826372155033399709794244265216116168842786311491427207590 5 3

49496369950637989735230676386861693139611446063787937100046835047469071727448113639889492543071604331060318548364638337936561416055824112861057078269831451286914468292481759492987971419402856829246524083905367785951763696186750276714046945787108785363278584080631 8 3

9414760541597956021794291470239622139453048072410588391406249757217604015204622634463555032639473407360718933484377078133402868658238702776185539958492294264700104097862460911978205357831830 9 7

39331668612585273278466388640936556478590436622639632585491545623566881045227204485964314052500705321227733288171878831556548600780486643779371402209264701046493734207707747359820987243768692076471081187544355390228178463562881708033558695025500388250486272249745166616916604795472401790764171261229851502849495080389307314593594220373236029079189611848220860206656589542312178192837651143270113973279843956503727917441911694390801877016261547019979246417065490071 2 9

43601885433428424513840246110850734095712731025986067345794299347987841972159923712318691459235997833697209056316789326834950370464806820853204165323937903461734802149010254622221618281479858596296245381229015797524701806930862549475251542614418814039594527064195247823259424539977012949920453522378185206289809075232197891855678480963329877829154455397923791398108315969341172685450736422045822335209 6 7

62 2 4

69739925173339555120255283116253284168522 9 2

636208968720191946414173222061169757255836436935320974784271888277435144071215520060076230216159865393203988158481404603837284727757906684175787485363298033334072593157589963829755757201131442529824395985175793478115791637120704335238117188317196729568005564033810 9 3

257894407103177421167845411339872953574561670555052460137019048066803754206725814994576487958765497097154179483238964160281345492119368763818717313073765093444308889046895388463242449660312339101546455416234294640303958851403706833419421758383261224080156277219060705698100920625508586067950146557695610806044532142976473 2 2

524978257186124744056241204 6 4

291908033663366047992017141276699138052457001915216732452319221572749872410190606057560629990615041176007451834328672613985555742578666 8 5

505559431959199916904381766047020382836616793090324566998694748103469628449838050584701637102822553743494214325480573928660284191617865840308217171837745803292829033429228825444582858245367095331707081313216273450634668776553968541760032229124772803845665680 8 2

914030506168516312692466097489063335029931001823276534427490233152838479257053175216225684625585852217010830025958588114480842155053623120632026821304884175637705316527802302872686961837551653408145627542931896231925621449709707331267478761189037485971772458564317603066993019046093769948143649450595280440897449579002746657968580975796813595012231379 9 9

120354979631812625773178111447136307341420 6 6

460354641515133596968220358407605414124151019890722075464792175620550829006508923700383452809423325245526686461610149286054509252187700208601008076893764411265885760899406167742621382055223942227388634029134031111388172497837483356019620002452324175895081538485084360030073000326889435789474712522707588823488447612694393271519051861255002937939191373048743821884934290687082434607453735274265 4 7

81300618256683458310954688375287878841457669997605492902919836400365282971431771133717338023563578016618556003160847084312061918879386451732006992477963831052917575262880065948286 8 3

6106899504280419371378890071804795306375406301883216532337540305317260982397544496017670831479264479206379977750012334171257629812622336961564536432202288366698708817183429079683873250795707864598222449495704736781098542254391230036493949 9 4

